9000
9001
9000
9001
9000
9001
9000
9001
9000
9001
9000
9001
9000
9001
9000
9001
9000
9100
9001
9010
9010
9010
9010
9100
9001
9001
9100
9010
9010
9010
9010
9001
9100
9100
9010
9100
9001
9100
9010
9100
9010
9001
9010
9001
9100
9001
9010
9001
9010
9100
9010
9100
9010
9001
9001
9001
9001
9010
9010
9010
9010
9100
9100
9100
9100
9101
9000
9000
9000
9001
9001
9001
9001
9010
9010
9001
9001
9010
9010
9100
9100
9100
9100
9010
9010
9010
9010
9001
9001
9100
9100
9000
9010
9100
9100
9010
9010
9001
9000
9000
9000
9100
9010
9100
9010
9100
9010
9100
9010
9010
9001
9010
9001
9010
9001
9010
9001
9001
9100
9001
9100
9001
9100
9001
9100
9100
9010
9001
9100
9001
9010
9100
9100
9100
9010
9001
9001
9001
9001
9010
9100
9100
9010
9100
9110
9101
9000
9000
9000
9000
9000
9000
9000
9001
9011
9001
9011
9001
9011
9001
9011
9100
9110
9100
9110
9100
9110
9100
9110
9110
9011
9110
9011
9110
9011
9110
9011
9111
9000
9101
9000
9010
9000
9000
9000
9000
9000
9000
9000